111673 1
191174 1
112735 1
138817 1
197554 1
111442 1
182679 1
183350 1
138797 0
161622 0
114992 0
157388 0
148830 0
116575 0
115276 0
198458 0
127054 0
183486 0
121386 0
119960 0
143726 0
101232 0
174284 0
182972 0
191299 0
191278 0
188114 0
113831 0
164259 0
139537 0
126205 0
141943 0
118865 0
115416 0
196900 0
181414 0
127078 0
121044 0
106572 0
126322 0
153763 1
155666 1
198223 1
189302 1
120720 1
188512 1
126607 1
127944 1
122337 0
180993 0
133294 0
125134 0
171741 0
109772 0
187752 0
157905 0
190272 0
154870 0
126761 0
145162 0
142303 0
127590 0
190567 0
155384 0
160327 0
128604 0
154054 0
192988 0
149231 0
144650 0
147342 0
104316 0
160662 0
190563 0
164508 0
199499 0
110824 0
126047 0
112943 0
124534 0
